18647 0 0 100
365
368 180 90 120 .5
373 70 -20 110 2
1486
1575 80 0 0
348 0 0 0 2
349 0 0 0 3
352
353 0 0 0 2.5
343
326
325 0 0 0 2.7
355 0 0 0 2.5
371
1484
3028
1279
2114
19348 180 0 0 1
19469
19472
19352
19487
351 0 0 0 2.1
335
356 0 0 0 2.2
1550
1212
19418 0 0 0 .1
19514
19515
19161
19162
18636
19099
19100
18642 0 180 0 .8
18637 90 180 0 1
355 0 0 0 2.3
358 0 0 0 2.3
366 0 45 0 2
334
1254
11704
341
342
344
345
347
350
354
357
359
360
361
362
363
364
367
370
372
330
331
321
323
3026
1583
1584
1585
1598
1607
1608
1609
19341
19339
333
336
337
338
19528
11718
11738
11745
1252
1247
1240
1241
19622
19623
19624
19625
19626
19583
19586
19581
19553
19554
19555
19556
19558
19559
19590
19591
19808
19578
19904
19897
19801
19804
19847
19873
19878
19893
19894
19777
19631
19610
19525
2689
2704
2705
2706
14673
6865
2035
2036
2044
2045
18963
19421
19422
19423
19424
11712
11735
19306
19307